+237 620030984
+237 620105045
+237 620482359
+237 620509738
+237 620637857
+237 620692704
+237 620742505
+237 620995289
+237 621088447
+237 621090096
+237 621197923
+237 621414002
+237 621437767
+237 621808449
+237 621971188
+237 622310310
+237 622316973
+237 622357260
+237 622494869
+237 622579968
+237 622663031
+237 622730977
+237 622985870
+237 623132508
+237 623455775
+237 623873619
+237 624163876
+237 624245386
+237 624351832
+237 624373242
+237 624493500
+237 624508429
+237 624514454
+237 624622685
+237 624674465
+237 624728123
+237 624741428
+237 624824038
+237 624881877
+237 625047447
+237 625114472
+237 625233793
+237 625252336
+237 625351638
+237 625541161
+237 625755796
+237 625776827
+237 625805464
+237 625852535
+237 625962476
+237 626027405
+237 626040315
+237 626283635
+237 626452554
+237 626883697
+237 626901023
+237 627064503
+237 627199159
+237 627298046
+237 627314995
+237 627471012
+237 627692226
+237 627860157
+237 628009420
+237 628105375
+237 628226564
+237 628596536
+237 628851983
+237 628954646
+237 629154527
+237 629166078
+237 629753867
+237 629955164
+237 650074168
+237 650425394
+237 650434880
+237 650489577
+237 650755551
+237 650789694
+237 650833052
+237 651075543
+237 651164749
+237 651317794
+237 651348479
+237 651498431
+237 651723435
+237 651766803
+237 651803241
+237 651807555
+237 651904005
+237 652259069
+237 652511030
+237 652668524
+237 653011539
+237 653083846
+237 653205721
+237 653294076
+237 653501734
+237 653547383
+237 653584014
+237 653770012
+237 653787303
+237 653913793
+237 654024215
+237 654045697
+237 654049148
+237 654223460
+237 654378599
+237 654616095
+237 654691735
+237 654695945
+237 654710293
+237 654901831
+237 654947848
+237 654980834
+237 655270005
+237 655318914
+237 655577708
+237 655848189
+237 656007011
+237 656428125
+237 656611381
+237 656656640
+237 656771173
+237 656957542
+237 657150752
+237 657216028
+237 657673209
+237 657764480
+237 657777639
+237 657901491
+237 657938475
+237 658068873
+237 658129329
+237 658664742
+237 658720053
+237 658877835
+237 658958600
+237 659351186
+237 659479863
+237 659500159
+237 659506202
+237 659698383
+237 659710513
+237 659868676
+237 660032981
+237 660109826
+237 660114670
+237 660208224
+237 660255622
+237 660271557
+237 660306746
+237 660354797
+237 660366427
+237 660392346
+237 660455437
+237 660583932
+237 660613065
+237 660665860
+237 660667292
+237 660783145
+237 661342588
+237 661351952
+237 661496158
+237 661505553
+237 661587141
+237 661640135
+237 662047632
+237 662102590
+237 662163430
+237 662199936
+237 662479575
+237 662760548
+237 662788048
+237 663020243
+237 663038461
+237 663102998
+237 663151426
+237 663382657
+237 663903836
+237 663932985
+237 664049714
+237 664058741
+237 664371902
+237 664753644
+237 664779450
+237 664823830
+237 664969452
+237 665155952
+237 665238223
+237 665261997
+237 665294911
+237 665344834
+237 665401311
+237 665507400
+237 665754937
+237 666225180
+237 666382447
+237 666423005
+237 666699287
+237 666753883
+237 666790041
+237 666861626
+237 667197186
+237 667241644
+237 667543804
+237 667621529
+237 667936806
+237 668025156
+237 668067578
+237 668248574
+237 668287913
+237 668326038
+237 668460569
+237 668722591
+237 669040067
+237 669298312
+237 669511497
+237 670021186
+237 670116854
+237 670341254
+237 670346206
+237 670407201
+237 670650773
+237 671055113
+237 671071238
+237 671201814
+237 671287143
+237 671568855
+237 671726930
+237 671876856
+237 672107789
+237 672139998
+237 672154151
+237 672186999
+237 672284768
+237 672346474
+237 672407744
+237 672535048
+237 672590409
+237 672669088
+237 672836680
+237 672895831
+237 673074600
+237 673085122
+237 673140296
+237 673159721
+237 673321733
+237 673633006
+237 673788353
+237 673799102
+237 673832148
+237 673958918
+237 673961931
+237 674127465
+237 674264384
+237 674506873
+237 674522860
+237 674565806
+237 674693052
+237 674777116
+237 675001025
+237 675034801
+237 675105589
+237 675346356
+237 675380222
+237 675433046
+237 675452095
+237 675473802
+237 675603991
+237 675685759
+237 675831610
+237 675888072
+237 675994472
+237 676149925
+237 676236916
+237 676440594
+237 676450447
+237 676630773
+237 676778297
+237 677009022
+237 677173072
+237 677230401
+237 677298736
+237 677415643
+237 677591222
+237 677621638
+237 677737965
+237 677779710
+237 677791940
+237 677967939
+237 678134559
+237 678365766
+237 678465573
+237 678530254
+237 678596892
+237 678694315
+237 678873219
+237 678905629
+237 679072753
+237 679391586
+237 679688841
+237 679730694
+237 679991231
+237 690100529
+237 690111761
+237 690168318
+237 690291817
+237 690302755
+237 690316150
+237 690625297
+237 690635123
+237 690948494
+237 690962240
+237 691095289
+237 691317519
+237 691419604
+237 691460368
+237 691560846
+237 691566416
+237 691609711
+237 691645560
+237 691646942
+237 691772578
+237 691811855
+237 691919082
+237 691928883
+237 691966070
+237 692014127
+237 692060919
+237 692181129
+237 692280755
+237 692288381
+237 692382423
+237 692553202
+237 692619750
+237 692700550
+237 692728380
+237 692795075
+237 692903097
+237 692943377
+237 693111582
+237 693172725
+237 693560330
+237 693564337
+237 693947061
+237 693965530
+237 694039810
+237 694207478
+237 694360195
+237 694465367
+237 694494667
+237 694494899
+237 694658789
+237 694721946
+237 695112139
+237 695152757
+237 695224828
+237 695422167
+237 695432044
+237 695917401
+237 695926331
+237 696030174
+237 696267374
+237 696385209
+237 696502324
+237 696523606
+237 696772094
+237 696895294
+237 696972332
+237 697056150
+237 697366811
+237 697381694
+237 697406463
+237 697414039
+237 697537934
+237 697591513
+237 697718967
+237 697926061
+237 697992614
+237 698075849
+237 698275477
+237 698406372
+237 698649637
+237 698668542
+237 698695697
+237 698883130
+237 698893154
+237 699011187
+237 699072474
+237 699135210
+237 699308667
+237 699564431
+237 699602244
+237 699703020
+237 699763204
+237 699807571
+237 699869317
+237 699961263
+237 699984791
