400
+237625233793
237625776827
237693965530
621090096
90316150
90962240
690100529
237658877835
+237696772094
73799102
60455437
+237692382423
94721946
68287913
237651164749
+237694465367
98668542
237674693052
695432044
237668722591
91645560
+237675831610
626040315
237692060919
663038461
627199159
76236916
+237624351832
237677009022
65238223
+237678365766
237652668524
91419604
+237668067578
+237653083846
691566416
237691560846
25351638
58958600
654024215
+237661351952
+237652259069
620105045
237676450447
72407744
659500159
+237627692226
54691735
237651498431
26901023
660665860
24493500
237651317794
237622579968
91646942
57216028
+237629154527
237677591222
237674777116
78465573
+237670650773
695112139
237671568855
237699564431
692553202
72346474
237660109826
237697056150
94207478
237674264384
654045697
237624373242
692903097
692288381
657150752
20742505
+237672154151
70021186
27314995
78596892
99961263
237698695697
679730694
56007011
237661342588
662760548
53501734
79391586
60783145
+237654947848
690948494
+237697537934
237697718967
53294076
237623132508
22357260
+237654980834
64969452
96523606
+237629753867
237665401311
696267374
73085122
75001025
664779450
237666423005
+237673140296
237697992614
72836680
669040067
668460569
71201814
77737965
237652511030
+237654378599
60208224
237691609711
237660392346
24824038
237663020243
+237659479863
57901491
699308667
237675380222
693560330
67241644
+237661640135
+237659698383
237667543804
237697926061
53584014
26883697
691460368
237666225180
237679991231
96972332
654616095
70346206
627471012
+237666699287
94658789
237621808449
+237625252336
+237673832148
65344834
669298312
71071238
237650434880
+237658129329
237666790041
237690625297
+237667936806
628851983
+237664058741
71876856
68025156
237692181129
+237665507400
+237676440594
+237620509738
+237625541161
+237678530254
72590409
95152757
55577708
237651766803
237664823830
+237666753883
20030984
675994472
26452554
237691811855
+237698406372
77415643
237699135210
+237665754937
+237653787303
90291817
696385209
629166078
+237651723435
92619750
655318914
59506202
76778297
653547383
+237668326038
+237679688841
+237651075543
673788353
657777639
237699869317
+237693564337
624622685
674565806
56771173
+237674506873
+237655848189
+237677621638
699703020
237626027405
55270005
62102590
237691317519
672895831
97406463
95917401
237625755796
74522860
+237660032981
237628596536
+237698893154
237696502324
90302755
57673209
94039810
+237692014127
691966070
624741428
+237653205721
237671726930
237678694315
237650789694
+237677230401
+237673321733
237629955164
237624508429
656656640
237650074168
93172725
237651807555
23873619
75685759
237663932985
673961931
237660366427
95224828
237657764480
+237663102998
92728380
691928883
237660114670
676630773
237677791940
+237675473802
654049148
+237621971188
628009420
237625114472
673074600
+237625852535
+237698649637
21088447
64049714
237677779710
+237656428125
627298046
237696895294
237672669088
54710293
50755551
237678905629
662163430
624514454
99072474
699763204
666861626
+237628226564
695926331
663151426
+237671287143
237624245386
237692280755
659710513
+237621437767
68248574
+237662047632
53011539
237694360195
+237698883130
+237669511497
677298736
237653913793
237672284768
91095289
624728123
60271557
624674465
237625047447
20482359
660667292
237695422167
237653770012
650489577
+237661496158
237672139998
+237670341254
+237693111582
691919082
674127465
237620995289
27064503
56611381
237666382447
+237660255622
77967939
237675034801
654901831
675346356
237664753644
658664742
237625805464
665261997
675603991
75105589
237660354797
237692700550
654695945
+237654223460
237656957542
+237659868676
237651904005
651348479
+237670407201
+237658720053
622494869
237699984791
628954646
57938475
237627860157
63903836
664371902
98075849
237621414002
628105375
+237658068873
237678134559
661587141
237662199936
237693947061
237672186999
624881877
237699602244
237675452095
96030174
237670116854
675433046
662479575
+237679072753
+237691772578
237699011187
+237690635123
237620637857
237673159721
+237661505553
+237697366811
694494899
92795075
+237672107789
237660583932
+237665294911
98275477
625962476
626283635
97381694
73958918
699807571
22663031
71055113
90111761
76149925
237622316973
623455775
78873219
237651803241
694494667
237659351186
237697414039
+237620692704
67197186
237622985870
67621529
+237675888072
50425394
+237692943377
60613065
621197923
237650833052
+237665155952
660306746
+237624163876
237662788048
237622310310
237697591513
+237663382657
237677173072
+237672535048
690168318
237622730977
+237673633006



